REPLICATE |FNAME     |STERICK   |SHAPE     |RADIUS    |RIGIDITY  |GSPEED    |SSPEED    |GFORCE    |KON       |BDIST     |KOFF      |KOFF_F    |NFIL      |NBLOB     |ARPKON    |BLOBSIZE  |VALENCY   |NARP      |
0         |R_0_r_0   |1         |sphere    |1.0       |0.075     |0.0103, 0 |10.0      |1.0       |0.03      |1.0       |10.0      |30        |0.5       |1000      |0.03      |4         |0         |
1         |R_0_r_1   |1         |sphere    |1.0       |0.075     |0.0103, 0 |10.0      |1.0       |0.03      |1.0       |10.0      |30        |0.5       |1000      |0.03      |4         |0         |
2         |R_0_r_2   |1         |sphere    |1.0       |0.075     |0.0103, 0 |10.0      |1.0       |0.03      |1.0       |10.0      |30        |0.5       |1000      |0.03      |4         |0         |
3         |R_0_r_3   |1         |sphere    |1.0       |0.075     |0.0103, 0 |10.0      |1.0       |0.03      |1.0       |10.0      |30        |0.5       |1000      |0.03      |4         |0         |
4         |R_0_r_4   |1         |sphere    |1.0       |0.075     |0.0103, 0 |10.0      |1.0       |0.03      |1.0       |10.0      |30        |0.5       |1000      |0.03      |4         |0         |
0         |R_1_r_0   |1         |sphere    |1.0       |0.075     |0.0103, 0 |10.0      |1.0       |0.03      |1.0       |10.0      |30        |0.5       |1000      |0.03      |4         |25        |
1         |R_1_r_1   |1         |sphere    |1.0       |0.075     |0.0103, 0 |10.0      |1.0       |0.03      |1.0       |10.0      |30        |0.5       |1000      |0.03      |4         |25        |
2         |R_1_r_2   |1         |sphere    |1.0       |0.075     |0.0103, 0 |10.0      |1.0       |0.03      |1.0       |10.0      |30        |0.5       |1000      |0.03      |4         |25        |
3         |R_1_r_3   |1         |sphere    |1.0       |0.075     |0.0103, 0 |10.0      |1.0       |0.03      |1.0       |10.0      |30        |0.5       |1000      |0.03      |4         |25        |
4         |R_1_r_4   |1         |sphere    |1.0       |0.075     |0.0103, 0 |10.0      |1.0       |0.03      |1.0       |10.0      |30        |0.5       |1000      |0.03      |4         |25        |
0         |R_2_r_0   |1         |sphere    |1.0       |0.075     |0.0103, 0 |10.0      |1.0       |0.03      |1.0       |10.0      |30        |0.5       |1000      |0.03      |4         |63        |
1         |R_2_r_1   |1         |sphere    |1.0       |0.075     |0.0103, 0 |10.0      |1.0       |0.03      |1.0       |10.0      |30        |0.5       |1000      |0.03      |4         |63        |
2         |R_2_r_2   |1         |sphere    |1.0       |0.075     |0.0103, 0 |10.0      |1.0       |0.03      |1.0       |10.0      |30        |0.5       |1000      |0.03      |4         |63        |
3         |R_2_r_3   |1         |sphere    |1.0       |0.075     |0.0103, 0 |10.0      |1.0       |0.03      |1.0       |10.0      |30        |0.5       |1000      |0.03      |4         |63        |
4         |R_2_r_4   |1         |sphere    |1.0       |0.075     |0.0103, 0 |10.0      |1.0       |0.03      |1.0       |10.0      |30        |0.5       |1000      |0.03      |4         |63        |
0         |R_3_r_0   |1         |sphere    |1.0       |0.075     |0.0103, 0 |10.0      |1.0       |0.03      |1.0       |10.0      |30        |0.5       |1000      |0.03      |4         |126       |
1         |R_3_r_1   |1         |sphere    |1.0       |0.075     |0.0103, 0 |10.0      |1.0       |0.03      |1.0       |10.0      |30        |0.5       |1000      |0.03      |4         |126       |
2         |R_3_r_2   |1         |sphere    |1.0       |0.075     |0.0103, 0 |10.0      |1.0       |0.03      |1.0       |10.0      |30        |0.5       |1000      |0.03      |4         |126       |
3         |R_3_r_3   |1         |sphere    |1.0       |0.075     |0.0103, 0 |10.0      |1.0       |0.03      |1.0       |10.0      |30        |0.5       |1000      |0.03      |4         |126       |
4         |R_3_r_4   |1         |sphere    |1.0       |0.075     |0.0103, 0 |10.0      |1.0       |0.03      |1.0       |10.0      |30        |0.5       |1000      |0.03      |4         |126       |
0         |R_4_r_0   |1         |sphere    |1.0       |0.075     |0.0103, 0 |10.0      |1.0       |0.03      |1.0       |10.0      |30        |0.5       |1000      |0.03      |4         |189       |
1         |R_4_r_1   |1         |sphere    |1.0       |0.075     |0.0103, 0 |10.0      |1.0       |0.03      |1.0       |10.0      |30        |0.5       |1000      |0.03      |4         |189       |
2         |R_4_r_2   |1         |sphere    |1.0       |0.075     |0.0103, 0 |10.0      |1.0       |0.03      |1.0       |10.0      |30        |0.5       |1000      |0.03      |4         |189       |
3         |R_4_r_3   |1         |sphere    |1.0       |0.075     |0.0103, 0 |10.0      |1.0       |0.03      |1.0       |10.0      |30        |0.5       |1000      |0.03      |4         |189       |
4         |R_4_r_4   |1         |sphere    |1.0       |0.075     |0.0103, 0 |10.0      |1.0       |0.03      |1.0       |10.0      |30        |0.5       |1000      |0.03      |4         |189       |
0         |R_5_r_0   |1         |sphere    |1.0       |0.075     |0.0103, 0 |10.0      |1.0       |0.03      |1.0       |10.0      |30        |0.5       |1000      |0.03      |4         |252       |
1         |R_5_r_1   |1         |sphere    |1.0       |0.075     |0.0103, 0 |10.0      |1.0       |0.03      |1.0       |10.0      |30        |0.5       |1000      |0.03      |4         |252       |
2         |R_5_r_2   |1         |sphere    |1.0       |0.075     |0.0103, 0 |10.0      |1.0       |0.03      |1.0       |10.0      |30        |0.5       |1000      |0.03      |4         |252       |
3         |R_5_r_3   |1         |sphere    |1.0       |0.075     |0.0103, 0 |10.0      |1.0       |0.03      |1.0       |10.0      |30        |0.5       |1000      |0.03      |4         |252       |
4         |R_5_r_4   |1         |sphere    |1.0       |0.075     |0.0103, 0 |10.0      |1.0       |0.03      |1.0       |10.0      |30        |0.5       |1000      |0.03      |4         |252       |
0         |R_6_r_0   |1         |sphere    |1.0       |0.075     |0.0103, 0 |10.0      |1.0       |0.03      |1.0       |10.0      |30        |0.5       |1000      |0.03      |4         |315       |
1         |R_6_r_1   |1         |sphere    |1.0       |0.075     |0.0103, 0 |10.0      |1.0       |0.03      |1.0       |10.0      |30        |0.5       |1000      |0.03      |4         |315       |
2         |R_6_r_2   |1         |sphere    |1.0       |0.075     |0.0103, 0 |10.0      |1.0       |0.03      |1.0       |10.0      |30        |0.5       |1000      |0.03      |4         |315       |
3         |R_6_r_3   |1         |sphere    |1.0       |0.075     |0.0103, 0 |10.0      |1.0       |0.03      |1.0       |10.0      |30        |0.5       |1000      |0.03      |4         |315       |
4         |R_6_r_4   |1         |sphere    |1.0       |0.075     |0.0103, 0 |10.0      |1.0       |0.03      |1.0       |10.0      |30        |0.5       |1000      |0.03      |4         |315       |
0         |R_7_r_0   |1         |sphere    |1.0       |0.075     |0.0103, 0 |10.0      |1.0       |0.03      |1.0       |10.0      |30        |0.5       |1000      |0.03      |4         |378       |
1         |R_7_r_1   |1         |sphere    |1.0       |0.075     |0.0103, 0 |10.0      |1.0       |0.03      |1.0       |10.0      |30        |0.5       |1000      |0.03      |4         |378       |
2         |R_7_r_2   |1         |sphere    |1.0       |0.075     |0.0103, 0 |10.0      |1.0       |0.03      |1.0       |10.0      |30        |0.5       |1000      |0.03      |4         |378       |
3         |R_7_r_3   |1         |sphere    |1.0       |0.075     |0.0103, 0 |10.0      |1.0       |0.03      |1.0       |10.0      |30        |0.5       |1000      |0.03      |4         |378       |
4         |R_7_r_4   |1         |sphere    |1.0       |0.075     |0.0103, 0 |10.0      |1.0       |0.03      |1.0       |10.0      |30        |0.5       |1000      |0.03      |4         |378       |
